5 9 8 7 6 4 3 2 1
3 2 1 5 9 8 7 6 4
7 6 4 3 2 1 5 9 8
1 5 9 8 7 6 4 3 2
4 3 2 1 5 9 8 7 6
8 7 6 4 3 2 1 5 9
2 1 5 9 8 7 6 4 3
6 4 3 2 1 5 9 8 7
9 8 7 6 4 3 2 1 5

5 9 8 7 6 4 3 2 1
3 2 1 5 9 8 7 6 4
7 6 4 3 2 1 5 9 8
1 5 9 8 7 6 4 3 2
4 3 2 1 5 9 8 7 6
8 7 6 4 3 2 1 5 9
2 1 5 9 8 7 6 4 3
9 8 7 6 4 3 2 1 5
6 4 3 2 1 5 9 8 7

5 9 8 7 6 4 3 2 1
3 2 1 5 9 8 7 6 4
7 6 4 3 2 1 5 9 8
1 5 9 8 7 6 4 3 2
4 3 2 1 5 9 8 7 6
8 7 6 4 3 2 1 5 9
6 4 3 2 1 5 9 8 7
2 1 5 9 8 7 6 4 3
9 8 7 6 4 3 2 1 5

5 9 8 7 6 4 3 2 1
3 2 1 5 9 8 7 6 4
7 6 4 3 2 1 5 9 8
1 5 9 8 7 6 4 3 2
4 3 2 1 5 9 8 7 6
8 7 6 4 3 2 1 5 9
6 4 3 2 1 5 9 8 7
9 8 7 6 4 3 2 1 5
2 1 5 9 8 7 6 4 3

5 9 8 7 6 4 3 2 1
3 2 1 5 9 8 7 6 4
7 6 4 3 2 1 5 9 8
1 5 9 8 7 6 4 3 2
4 3 2 1 5 9 8 7 6
8 7 6 4 3 2 1 5 9
9 8 7 6 4 3 2 1 5
2 1 5 9 8 7 6 4 3
6 4 3 2 1 5 9 8 7

5 9 8 7 6 4 3 2 1
3 2 1 5 9 8 7 6 4
7 6 4 3 2 1 5 9 8
1 5 9 8 7 6 4 3 2
4 3 2 1 5 9 8 7 6
8 7 6 4 3 2 1 5 9
9 8 7 6 4 3 2 1 5
6 4 3 2 1 5 9 8 7
2 1 5 9 8 7 6 4 3

